,CD3_T_cell-week1,Kupffer_cell_(Liver_resident_macrophage)-week1,Monocytes-derived_Macrophage-week1,Tregs-week1,cDC1-week1,B_cell-week1,CD4+_T_cell-week1,CD8+_T_cell-week1,Cholangiocyte-week1,Endothelial_cell-week1,Hepatic_stellate_cell-week1,Liver_sinusoid_endothelial_cell(LSECs)-week1,Mast_cell-week1,NK_cell-week1,pDC-week1,γδ_T_cell-week1,CD3_T_cell-week2,Kupffer_cell_(Liver_resident_macrophage)-week2,Monocytes-derived_Macrophage-week2,Tregs-week2,cDC1-week2,B_cell-week2,CD4+_T_cell-week2,CD8+_T_cell-week2,Cholangiocyte-week2,Endothelial_cell-week2,Hepatic_stellate_cell-week2,Liver_sinusoid_endothelial_cell(LSECs)-week2,Mast_cell-week2,NK_cell-week2,pDC-week2,γδ_T_cell-week2,CD3_T_cell-week4,Kupffer_cell_(Liver_resident_macrophage)-week4,Monocytes-derived_Macrophage-week4,Tregs-week4,cDC1-week4,B_cell-week4,CD4+_T_cell-week4,CD8+_T_cell-week4,Cholangiocyte-week4,Endothelial_cell-week4,Hepatic_stellate_cell-week4,Liver_sinusoid_endothelial_cell(LSECs)-week4,Mast_cell-week4,NK_cell-week4,pDC-week4,γδ_T_cell-week4,CD3_T_cell-week8,Kupffer_cell_(Liver_resident_macrophage)-week8,Monocytes-derived_Macrophage-week8,Tregs-week8,cDC1-week8,B_cell-week8,CD4+_T_cell-week8,CD8+_T_cell-week8,Cholangiocyte-week8,Endothelial_cell-week8,Hepatic_stellate_cell-week8,Liver_sinusoid_endothelial_cell(LSECs)-week8,Mast_cell-week8,NK_cell-week8,pDC-week8,γδ_T_cell-week8,CD3_T_cell-week12,Kupffer_cell_(Liver_resident_macrophage)-week12,Monocytes-derived_Macrophage-week12,Tregs-week12,cDC1-week12,B_cell-week12,CD4+_T_cell-week12,CD8+_T_cell-week12,Cholangiocyte-week12,Endothelial_cell-week12,Hepatic_stellate_cell-week12,Liver_sinusoid_endothelial_cell(LSECs)-week12,Mast_cell-week12,NK_cell-week12,pDC-week12,γδ_T_cell-week12
CD3_T_cell-week1,0.0,0.6041190683062616,0.9324647617712871,0.46286324489650843,1.3213941374759157,0.4926160190871587,0.6977070787512765,1.1403729651766281,0.815464575220338,0.48910731620760384,0.8930409142357771,1.3138157209860504,0.6728226734124457,0.5926709371814985,1.0372536269350323,1.0088838640283058,0.7384445728635751,0.8756548675315821,0.5513620953635118,1.1217203725826073,1.3542967765478502,0.8695687814986525,0.8347752284753209,0.6940580122895419,0.7263011515892949,0.5682774685216367,0.9197257380941273,0.952194434440289,0.6570827411434117,0.5713229318354293,0.7912394763058073,0.8276209551680356,0.7601098327847037,0.5874319071903251,0.838767411095387,0.643494740960933,0.9092121546413228,1.0157807516605266,0.7398288606284904,0.8681947043929086,1.0687631504807353,0.6106794599837368,0.6487762928430278,0.9503647494058103,0.9021812445361338,0.7153619717527385,0.8094858798447041,0.8219263097393327,0.6661172416542344,0.7642366889107519,0.8193274408213571,0.6560422705997246,1.2854710028012557,0.8887685703082631,0.7955321371222019,0.38129985861841176,0.9427000975231677,1.0221999505277453,0.9864734366590312,0.8276844698930272,1.1316791059733458,1.0784609809474401,1.057532441870934,0.8853943443334491,0.7136599566511818,0.5742282107615841,0.7159880608347238,0.9499445806051652,1.000750002865465,0.3991113266465238,0.9750095446597321,0.9147988662198383,0.9338034365083845,0.78667850135237,0.7046726789881157,0.9411294094308427,0.8124354953366199,0.41023162206083075,0.643931251096886,0.7656333125678886
Kupffer_cell_(Liver_resident_macrophage)-week1,0.6041190683062616,0.0,1.1598457629112204,0.637006811053114,0.9192040021988843,0.37003649432071894,0.40653660781314305,0.9616756911067175,1.1262534011417067,0.49767460464509405,0.6746928380652721,0.7901369248076082,0.7863302428214878,0.6555484888611459,0.8556198640904696,1.1805117915639896,0.5688815402840671,0.8304219692732332,0.5774852331950695,1.0202641980111147,0.8390971008502944,0.5867027606654229,0.5406917215098135,0.4315064807901975,0.46865355088309524,0.5985432385409482,0.575770151070615,1.0509493830880112,0.4092715843722111,0.8463428288091852,0.5413336008455037,0.5184347348226159,0.7237584717424194,0.6285039658060942,0.680079102532497,0.7783981951457127,0.47406241795722137,0.8471819733577854,0.388964716401596,0.919091483786863,0.8352630083470515,0.699028132943506,0.5191685867847046,0.9143332987784238,0.9061206101396309,0.560200005519313,0.5737507809005284,0.5461400972290901,1.06134482468684,0.6090845050258207,0.20898447795999975,0.42988661027674735,0.7195869192441615,0.6217453674320346,0.7798792321083337,0.5497596051404012,0.5436893113994374,0.7160945840846066,0.5738707354722274,0.7435804350569395,1.427040016807662,0.7529258585296732,0.6317445890997504,0.6902884479638973,0.5394814559624685,0.2130273574992173,0.5058674663178382,0.8719480496273369,0.738419272644619,0.36643582579389755,0.5588856820675595,0.605691998285254,1.1419188494978532,0.6002226116117795,0.6693842348596202,0.8942707994631255,0.85438458456547,0.5943633970040985,0.3675720671885633,0.5243611180079232
Monocytes-derived_Macrophage-week1,0.9324647617712871,1.1598457629112204,0.0,0.8757936699940299,0.897762440253763,1.1830788518041133,0.9049762549001592,0.7865185196903424,0.8743746053431322,1.453651946114147,0.8002830395425121,1.275539865203044,0.7960519767372642,0.990170114767697,1.068145407415006,1.1156614305945645,0.8535396956316308,1.3346887530138913,0.5992612937579362,0.9259754250410198,1.2365139990325402,0.9569061459435559,1.1438701197708283,0.9641735690525288,0.849242566774832,0.9259170556720964,1.185838529603597,0.9336808898308406,0.6969792331943051,0.7038786752397221,1.0437237681898632,0.9422926901598424,0.636841119537122,0.8888441374270718,1.3199054074895669,0.48028065407679543,0.8117735056066797,1.0640839677529816,1.12101468464036,1.0647153816476496,0.938321137943473,1.0542387619860079,1.1410601406624157,1.1261891120066743,0.9173693330131156,1.4025300921236818,0.8441597931855,1.40792778455066,0.875635351140784,1.277428101654801,1.14528332841984,0.7433459163383056,0.8600038073480376,1.2230177919165137,0.9994582005583288,0.7521115426586118,0.9368111060423089,1.0615182373630374,0.9311188487729034,1.0082446322630756,0.9786250227169021,0.7964494865381914,0.8170129692055208,1.1724136466736708,1.0519195362868838,1.1224521724707577,1.153247480590216,1.019295271472014,1.0025678669420741,1.064432876882938,1.2358850543036202,0.8224557228210371,0.6605168264765164,0.6052924160317339,0.9896187065084493,0.6255732241749339,1.2302338377275759,1.0753750479377218,1.2620741035354148,0.9634457834872973
Tregs-week1,0.46286324489650843,0.637006811053114,0.8757936699940299,0.0,0.7718634884361586,0.35895620375509785,0.6604209036735901,1.1951681479648308,0.6002882631787272,0.6503984667442462,0.9135134206350315,0.9505834862385526,0.30190106257016425,0.6853847749570707,0.8289094661150062,0.8855904963653913,0.5497177782646596,0.8049551102186516,0.590239327253632,0.7235335144369852,1.0026662215404438,0.8333779019507138,0.6180124462441308,0.5260452509073503,0.58951927773356,0.36345742759195154,0.9403892535250677,0.8214668055126153,0.7549564402293082,0.5755867943061403,0.6937676623067641,0.6463241780696299,0.4212150268419943,0.37734071333849317,1.2436495867104378,0.5538502865959847,0.6884642578483506,0.9754851341398285,0.6964825072866434,0.7591585855176073,0.7313712075943481,0.7151825792731181,0.5214555514429948,0.7292286283848318,1.019030209837909,0.7101309990912235,0.876651975379661,0.5353180742750873,1.1684034539651602,0.7397540984741513,0.5385207395561789,0.6539093565989653,1.2249661840989805,0.7430182841476889,0.7342866313085636,0.4524428905147242,0.9320569940327755,0.7758099134249112,0.8848789210233347,0.5240064389680756,0.7831113428695841,0.6966015123433486,0.6751359685257701,0.8037424489060482,1.181224507441439,0.571486568083065,0.5825857252030783,0.9001428392306744,0.9994385965584792,0.6020889160804962,0.9875872453287673,0.5239059617270246,0.4748083229404504,0.388996564136462,0.636383942842049,0.6524895005251723,0.7115670198645248,0.34892709178659864,0.7427574040882521,0.39890014056933176
cDC1-week1,1.3213941374759157,0.9192040021988843,0.897762440253763,0.7718634884361586,0.0,0.6491212033798895,0.8720222021771844,1.0872464896364034,0.8710357199023618,1.018533191552042,0.9197761359503506,0.6841317744571043,0.5829946621227036,0.9093526623638717,0.6446301726450594,0.6626022756738682,0.7934762211506243,0.9522452373746549,0.9942149464742758,0.4659903193034528,0.7004666592645301,0.6463374040063186,0.5817688598974557,0.6440477588645988,0.482068212349418,0.7163704818741123,1.172712753953242,0.9647032318879805,0.8448804110472952,0.8440634796497977,0.8364398312615915,0.5315286167447437,0.5207159895114993,0.5458134179042972,0.9863915237253105,0.6242140179557226,0.6044742377160379,0.7091663365354521,0.6811052654259284,0.9830827022985917,0.6570359812657869,0.7651338048776246,0.7331775740670214,0.7742587815980936,1.1670447414278995,1.0771823465668517,0.8697769774849127,0.7069546002706237,1.0231165396622128,0.9064676036833584,0.528660703557472,0.8513490018438479,0.8033018392044377,0.9108710382961197,0.4610113149967382,0.8991867423101042,0.7921879890964723,0.8445175934357484,0.9113388752399012,0.6125875325634713,0.7903942312908834,0.3980229569988538,0.9924089453734625,0.7525542681448734,1.2454753072521676,1.014912747397965,0.861041557411428,0.9708824674845011,0.9742456272812812,0.8932929480756294,0.8450678622524477,0.5836001459078011,0.8281452550392188,0.6700604847012056,0.5555541584704653,0.7271435894954452,0.7129820403382547,0.7866219152947929,1.0573793050945444,0.5820716840452966
B_cell-week1,0.4926160190871587,0.37003649432071894,1.1830788518041133,0.35895620375509785,0.6491212033798895,0.0,0.3928553567965629,1.1444354558854537,0.8024305628541629,0.3013481149396976,0.7050178476244542,0.5256834659384956,0.3244303819461648,0.5397603040206658,0.5369436606972688,0.7939011101592155,0.48556936451810584,0.5981450451706373,0.629773486638057,0.6480703656870541,0.8009362089475042,0.4342981712948205,0.33681770611551576,0.36540085640002484,0.36382306777665885,0.3463975835851273,0.6621977211858364,1.0131209819999893,0.6420988441530531,0.49523352505491636,0.39545487982930927,0.26787932817870186,0.45511647987259896,0.3258167673214297,0.5639171265581651,0.5849140614786845,0.5883648022296901,0.7008320717045015,0.3470012840251452,0.772441781576093,0.5862886717695618,0.4329433360062097,0.41809248889642814,0.6786092804505732,0.761024193240623,0.4987924712458558,0.4844525505603968,0.4066859778924219,1.0009568642666484,0.3655518488241676,0.29308474567986753,0.6640449304396971,0.9931125107343094,0.6058178090868998,0.38187288227008964,0.33499503794030216,0.8686981645709321,0.4299248780617172,0.6128452361365639,0.5871073234982767,1.0418969797201885,0.4966813527634998,1.0271876865101932,0.5092722834944874,0.6621578353764261,0.37185302541965515,0.3957882859498588,0.710660602864446,0.7191984109742015,0.298777327073084,0.542008236646041,0.4974387223121196,0.7909146819075552,0.5552471607400133,0.5034629244068995,0.6445966091339386,0.5324253505128622,0.3572558035802035,0.3388283521207578,0.35135950432706853
CD4+_T_cell-week1,0.6977070787512765,0.40653660781314305,0.9049762549001592,0.6604209036735901,0.8720222021771844,0.3928553567965629,0.0,1.0400363309523015,0.9262642249640339,0.6673763553321898,0.4104208850330635,0.5429054451367781,0.5056800199041145,0.7763395865584718,0.6571398526300862,0.915788879899871,0.46937619231724736,0.745605698229992,0.41182170583094246,0.7794730229163053,0.883531155071167,0.44804187178454014,0.4317267598373219,0.33691030806666034,0.44919981947745136,0.6922466338173252,0.7374903356652585,0.675746542025782,0.7465502520081593,0.6850506130369012,0.23778155275376167,0.34570125084035996,0.631432200247008,0.5066085493223906,0.7453667334426765,0.7289706979143813,0.46494204405609896,0.6408828788623037,0.5355128960969953,0.8913510540187879,0.46694725476540455,0.801487602558721,0.8524447685910517,1.1179351788883463,0.5719405381245134,0.45585772117365597,0.4163908612584446,0.6144959880552818,1.1005491122964415,0.7050795620378522,0.40260336184469725,0.3264384373352237,1.0967667812881583,0.7180197978200905,0.5479447739183021,0.4121859781765601,0.4722583109946893,0.5087453379491358,0.5146089503953171,0.7231630745298849,1.1046310064827296,0.8261121710728951,0.7152210931329162,0.311389566859244,0.46745676483268717,0.39654052987780364,0.5036014037938261,0.6227774060233187,0.8265987057446895,0.3886602354618617,0.5743232674006229,0.3872894533293887,0.7355286350721606,0.8489339974943486,0.5386594162091769,0.7849468020923304,0.789871336450105,0.5199451274810777,0.4247426150151722,0.4267394866894172
CD8+_T_cell-week1,1.1403729651766281,0.9616756911067175,0.7865185196903424,1.1951681479648308,1.0872464896364034,1.1444354558854537,1.0400363309523015,0.0,0.8249325399159835,1.2699803411349329,1.1921134837165168,0.9389410240349313,0.884567960100106,0.7628347354154256,0.9009708895440177,1.175955625033619,0.734758627102367,0.8160088997568941,0.8312644888582865,1.3061773388327282,1.3548628833885163,0.6081946197793435,0.8767795527444461,0.7708665840619122,0.9264135271635098,0.9348548678345411,0.8243189644259784,0.838989376840895,0.4991382945516992,0.8072777698961345,0.8169894505230613,1.012610196331905,0.9246768289171969,1.072469164010459,0.6817391675855253,1.1513704938841,0.7028283326912659,0.6998799836994616,0.7149793234267127,0.6196070744848872,1.0122485611691,0.992384052386853,1.4246034946101198,0.9928916153711516,0.7760032299298105,0.8838474025403226,0.8285548241521888,1.2283126319427948,0.5868074180962486,1.1295456015731653,0.8404329080749122,1.0429130922730123,0.7926238497763803,0.8725707694244573,1.4875931059643523,1.0632460302830835,0.6564461773898296,1.0121609653512156,0.7677778918191885,1.333107141102047,1.455820049711264,1.0168701756785006,0.8208049404016413,1.0787017694827339,0.831749751801413,0.9335366830459914,1.0164295067969704,0.8829806818420143,0.7321072305786009,0.9433602512860183,0.8332542257951341,0.8998074418620612,1.003649256610801,0.7944399974362865,0.984163913821938,0.949971186666648,0.9946787395391288,1.2651956710031356,0.67364793604333,0.7562963504425889
Cholangiocyte-week1,0.815464575220338,1.1262534011417067,0.8743746053431322,0.6002882631787272,0.8710357199023618,0.8024305628541629,0.9262642249640339,0.8249325399159835,0.0,1.0963077441751117,1.0194580730490368,1.086801165110791,0.5730227337202127,0.6107565244685882,0.9565725572217626,0.9647729063027065,0.8576056286411218,0.5334945076066631,0.7706858352084351,0.8719050062749896,1.103790877522183,0.8323750024205132,0.8723485967050053,0.7465563650152485,0.6300257695878553,0.49757939742878576,0.9460943691582953,0.5776496301136285,1.0050893067718905,0.6968858838976115,0.639423342040485,0.8068535050197616,0.7318170477500718,0.6530113084044331,1.0653178145645024,1.0230419016371517,0.801164359295203,0.5170285601808027,0.8255313598734517,0.6921587346093987,0.8869523292671064,0.7537864522735326,1.0578647553912661,0.9103571506360436,1.0454934899121808,0.8571391053438064,0.9403066494095412,0.6677325544650726,0.9124324654950351,0.6688566072918256,0.897953123291294,1.0922297415626756,1.3331297852480586,0.5172335862311894,0.8176279290639462,0.7192818837682715,0.943887237321271,0.8314931103140311,0.9348425948569415,0.9475991527039193,0.5314559998047956,0.762076493631968,1.1966330102305855,0.8342837887673498,1.178071382165868,1.0263788652238126,0.6211601713981847,0.9101429048285771,1.2557026023699167,0.7667668415991967,1.0164263424996598,0.7033634961999131,0.6310053234654606,0.7230573151738209,0.8757267175015533,1.3415631145814237,0.6789668199561767,0.8056582045923802,0.9350018731540718,0.8013349559028831
Endothelial_cell-week1,0.48910731620760384,0.49767460464509405,1.453651946114147,0.6503984667442462,1.018533191552042,0.3013481149396976,0.6673763553321898,1.2699803411349329,1.0963077441751117,0.0,0.8418260888444775,0.8404649973904321,0.7339762645573299,0.557121834159344,0.9112879605926465,0.8020715610514773,0.9206668624904559,0.9152583144086782,0.6488322428750078,0.6467067002650799,1.0433772326927808,0.9375071134254195,0.8214181980384677,0.7922276409301419,0.7323686564886295,0.7267693146022519,0.9432578057473763,1.1340384239409738,0.8204769286500647,0.8825677058340857,0.721299034085141,0.6224900911039083,0.8403327804835787,0.7193163331142878,0.41793556775342755,1.0329353675797777,0.9677752869974091,1.023614453766173,0.5740623275375851,0.9800885111970637,0.9126919751081235,0.7303800482383203,0.5454699273320192,0.5138829765487654,0.7898225038449688,0.4022764270934347,0.652555365440668,0.7455166867278902,1.1669977085509124,0.5041192032039035,0.7201454461904262,0.8220870775562636,0.9547524030766594,0.6403357096016884,0.6929842923023721,0.5938061764828919,0.9704139445761711,0.9285886655539579,0.7914560820570957,0.6580595079384467,1.2342003620361306,0.915313216705762,1.147789732333846,0.6818636270523373,0.6893839978761231,0.4428503803611089,0.6311239871248324,1.1556216740462377,0.9995867229334889,0.527503567659829,0.6144821184605251,0.7990694059197125,1.2648005193280079,0.9521050543603378,0.6590448888277822,0.8653595157455294,0.801903576406277,0.451611421025107,0.628097943887928,0.8410094863741667
Hepatic_stellate_cell-week1,0.8930409142357771,0.6746928380652721,0.8002830395425121,0.9135134206350315,0.9197761359503506,0.7050178476244542,0.4104208850330635,1.1921134837165168,1.0194580730490368,0.8418260888444775,0.0,0.7458520520983947,0.7638459342474362,0.6930819173031311,1.0217850917207825,0.7491401502063499,0.6520556324991715,0.8350292589287867,0.642150109522428,0.8495274723418176,1.02847292099892,0.6710910343342893,0.7901525047871603,0.8084646629700492,0.7525860929401111,0.6985436305674033,0.7681916298251109,0.9879541893839145,0.7626736840984109,1.2143657212969592,0.833012745714284,0.6108961161403278,1.1607918116744576,0.6372099457200723,0.7488517583583025,0.7041502965689965,0.9376349539627277,0.926355906733306,0.8986642003987315,0.7333598398882373,0.4968306933581136,0.9608155725441485,0.6203997089690687,1.2964295573584694,0.770153515223408,1.0150604023869774,0.731194330182934,0.8877962728894006,1.1783409604321575,0.608881075708436,0.7873838704983371,0.5541705866973294,0.8725105850262082,1.0584663588886305,0.5137128191233036,0.4919459256102269,0.7964687461400466,0.7310971942128273,0.4641025803592128,0.9948199878755924,1.0761422582781546,0.6560028591138749,1.0037194937677694,0.6474853745108555,0.7189769316320245,0.7658146559542034,0.41787363780561193,0.6594051720811498,0.8992176899554667,0.6170865086743531,0.94467215138393,0.7726167178325024,0.6984965058298125,0.8162681240726237,1.1075976303404207,0.9634126462029707,1.0871538920507655,1.0423667707373954,0.673500956426403,0.8117670857747518
Liver_sinusoid_endothelial_cell(LSECs)-week1,1.3138157209860504,0.7901369248076082,1.275539865203044,0.9505834862385526,0.6841317744571043,0.5256834659384956,0.5429054451367781,0.9389410240349313,1.086801165110791,0.8404649973904321,0.7458520520983947,0.0,0.6045935089539161,0.9017559143719893,0.43486049716322983,0.6841528839809274,0.5228967011769908,0.5966387521762724,0.9970497516601052,0.6658526213368069,0.6294956061912134,0.36883199372653686,0.48545372249222685,0.5816406455195355,0.7617341736880265,0.7935024935800203,0.5081270437069283,1.0508941641671383,1.1545593018974147,0.7590940147283075,0.429848376502474,0.5206389064199831,0.7586976739850538,0.6593890416062991,0.6434887525965522,1.0370104474288766,0.7322350237219846,0.629286418287763,0.76582201973211,0.6228906399284742,0.609376163870875,0.8022855723732677,0.8763611397092304,0.8303234146573146,0.6340411871627782,0.5819830765981451,0.6138543420674738,0.5807562797375878,1.1008819388632323,0.6104166434987774,0.5383793218590396,0.8983728015756338,0.8768141123662824,0.7492306633831525,0.705910941518982,0.8578998352859799,0.8667006889711143,0.3143234328621285,0.4434244481750472,0.9413400843481317,1.149032344857917,0.6191376878773329,1.0082748274353561,0.4157097711779766,0.7625546009472688,0.7258830953337201,0.5052228175476935,0.6215414513679969,0.4239671426963678,0.8429747544404248,0.6092446689117845,0.6490560646130703,0.6842507974842855,0.8690112039337964,0.9302176119567822,0.6443370633396226,0.823134531568844,0.9012448714824249,0.42765928936883246,0.5707682167120484
Mast_cell-week1,0.6728226734124457,0.7863302428214878,0.7960519767372642,0.30190106257016425,0.5829946621227036,0.3244303819461648,0.5056800199041145,0.884567960100106,0.5730227337202127,0.7339762645573299,0.7638459342474362,0.6045935089539161,0.0,0.4325814341875772,0.48240459366377175,0.6852239824775794,0.3617103955142147,0.47722895872568427,0.47812566593368155,0.6638522939315024,1.2164860391963044,0.3584613952118113,0.4579308650290105,0.2653174408039781,0.4364417517166308,0.25839771698773195,0.7005587629141656,0.7400856736398995,0.7291583489593862,0.5265713940453253,0.5050464384471574,0.4061236804677738,0.4387528542373057,0.16621851499499563,0.809339545025787,0.5434305968133712,0.4522226978098963,0.5791950636002737,0.5486026254056342,0.5295377471107237,0.5975769036785952,0.6678819460397292,0.863827200973766,0.6288593163024954,0.5953825484210227,0.5580115550562277,0.619611049920749,0.5950504550663271,0.8450700548129642,0.6114123272283941,0.5190406057178882,0.7814024501078948,1.1673429938939475,0.7366296016023524,0.5314041749822951,0.25663375670819377,0.6830602798021155,0.7087267314479835,0.49132747839180557,0.7089969851969963,0.9377781748047272,0.526709335621505,1.0190208350054033,0.5536959308201739,0.9284475369858903,0.7648945698241709,0.5057380540465184,0.8441962026893839,0.6969509581560385,0.5300594297068328,0.7303261301506849,0.2890785010457061,0.34507109911516565,0.45512573100108367,0.6452006918952262,0.6437585567271111,0.4770238454063429,0.4503693707276317,0.5524054261563672,0.18085863063428798
NK_cell-week1,0.5926709371814985,0.6555484888611459,0.990170114767697,0.6853847749570707,0.9093526623638717,0.5397603040206658,0.7763395865584718,0.7628347354154256,0.6107565244685882,0.557121834159344,0.6930819173031311,0.9017559143719893,0.4325814341875772,0.0,0.6821854413135663,0.7225676276886366,0.5278255005611364,0.43356058109375084,0.37532518625786826,0.694727571954767,1.584350833399989,0.4921382183143276,0.7038301854723514,0.48993962992017026,0.46477331794040166,0.23482182784963812,0.5674576401758142,0.8956285094570815,0.5796477013422793,0.8082327914886118,0.6310639001096854,0.49068924628891164,0.8081834458758711,0.2987830085039672,0.47040697178728996,0.9278831161931113,0.5644645999803439,0.620767138895328,0.7413109250049785,0.5430915568661658,0.9089297423105307,0.5199631861824723,0.7836374301100087,0.5211385523019169,0.5246921943020939,0.6074962569017015,0.4729771557364246,0.8321304617779413,0.7373805250434464,0.29328893189212324,0.7186635076150008,0.9311116936092575,0.7246424581398486,0.5511843135212946,0.6745511464575272,0.35288598311882347,0.684943077648283,1.0456127986479464,0.33975518992252973,0.9698445242145225,1.2110055797173895,0.6045862734914147,1.228801748034223,0.6643933611865516,0.7746222076059835,0.621160180863169,0.34368392371159573,0.987540726148609,0.666453040450223,0.3440199452409767,0.7353959993061769,0.548990161350525,0.7397966558176557,0.4714185168882884,0.791202528245054,0.983988025795985,0.5870549461199246,0.5678029926040371,0.5300938803530282,0.6342591645069896
pDC-week1,1.0372536269350323,0.8556198640904696,1.068145407415006,0.8289094661150062,0.6446301726450594,0.5369436606972688,0.6571398526300862,0.9009708895440177,0.9565725572217626,0.9112879605926465,1.0217850917207825,0.43486049716322983,0.48240459366377175,0.6821854413135663,0.0,0.8214548716250771,0.45587083639058834,0.4023993128723167,0.8590325854583005,0.6897356611406966,0.948862935234778,0.32924762659730356,0.22131955898724232,0.36209450772740226,0.5645481572304708,0.5086910527864226,0.4543977629798098,0.7287602050677352,0.9184553118816218,0.6063040122914138,0.42058951367117137,0.28955351629199844,0.5970913535240996,0.42567925594699474,0.791402725190645,0.7181387208091866,0.3388612938014117,0.5226954188782706,0.7871703396276942,1.0480365935098217,0.5184498960313666,0.35947543976185237,0.9484799303136033,0.7303551072911924,0.2912560146531673,0.7692495406703608,0.3275799467857292,0.6571782411629222,0.8228274718267239,0.5034321617802489,0.5575760095578541,1.070353086464791,0.6684189227731977,0.7533267346249906,0.496545731107192,0.7217884140139761,0.8185047749806633,0.45617707809036656,0.5652538299504626,0.767819260442427,0.8086091016528558,0.5081162947908855,0.9221059547547535,0.5393682669687841,0.6001815667663956,0.7714893253880302,0.8373121047944014,0.46423653032302004,0.3411615698787007,0.47117186422140955,0.4556327770079358,0.4252165562020306,0.557360608249829,0.5996423093553009,0.5080124465310323,0.4980506375621483,0.23361716592601267,0.5448724414636454,0.5686654886396805,0.4103481024164153
γδ_T_cell-week1,1.0088838640283058,1.1805117915639896,1.1156614305945645,0.8855904963653913,0.6626022756738682,0.7939011101592155,0.915788879899871,1.175955625033619,0.9647729063027065,0.8020715610514773,0.7491401502063499,0.6841528839809274,0.6852239824775794,0.7225676276886366,0.8214548716250771,0.0,0.5167943516436858,0.8182560361259068,0.7292271957444463,0.4221611760352051,1.0176348786750073,0.7376503565136134,0.7019157671563425,0.7235538702053561,0.6719844367420915,0.6457854828657161,1.0430813510696209,0.8509900787124035,1.260559023174743,1.1016928730519049,0.8250799519393692,0.6836115641907647,1.1057685408278308,0.5840426631254299,0.8187862859593487,0.760128254640662,1.1854002205085616,0.696514390847035,0.8960556427250708,0.5222768959303682,1.016073466109299,0.6724618066721476,0.6325773726863595,0.6116529318200992,0.8458612134428561,0.7335149737310284,0.8204667797243045,0.8397271625911568,0.8213480167878677,0.8400984451001801,0.9605825955864535,1.009451277265597,1.053216331937276,0.9799812555967428,0.5721512433526376,1.026308686141964,0.8664793904655295,1.0581565359785428,0.6241856759089888,0.5568664195944465,0.8528755108834019,0.7294917785585262,1.0853181821478592,0.4388272219579362,1.0125902437822685,0.9312031689436984,0.5531517175430022,0.8318504365901558,0.6842132263245169,0.9587283123145016,0.7910657533243329,1.0680796563959467,0.8665067552885364,0.8892607381666445,1.0161966611316184,0.7758924607563211,0.7722164323883878,0.9431621614952823,0.8290848812786993,0.7873973514121951
CD3_T_cell-week2,0.7384445728635751,0.5688815402840671,0.8535396956316308,0.5497177782646596,0.7934762211506243,0.48556936451810584,0.46937619231724736,0.734758627102367,0.8576056286411218,0.9206668624904559,0.6520556324991715,0.5228967011769908,0.3617103955142147,0.5278255005611364,0.45587083639058834,0.5167943516436858,0.0,0.4993177611272557,0.46018893386508264,0.8219145355374229,1.0455080662511862,0.20388199160887788,0.2541449419718298,0.1563416453752947,0.41050646996111384,0.25828068912043456,0.4395679011323339,0.6271485168182853,0.7053989530057602,0.7227594656168848,0.3829774694272706,0.40100031257348845,0.7426609360595832,0.265229337754608,0.811747370675227,0.4924433524033769,0.48275239423172434,0.43461315926831257,0.5338341855848605,0.43488133050216915,0.6978294614149418,0.40125609577940047,0.6085812039050134,0.813755130858517,0.5253988013501624,0.5972731140434873,0.4723483439568479,0.5214533001125561,0.6480010452132008,0.6592909208090528,0.3444198382739301,0.6106548761941093,0.8299583749673234,0.7062853635259108,0.6284697004480091,0.6121348657577685,0.4720706418039812,0.5885898931128903,0.2739176695424179,0.5898539412992498,1.1195671114351917,0.4833597836054294,0.6034613755736347,0.3469700132715422,0.5770078701680328,0.5227874383849647,0.35813997919798524,0.46465266549616,0.2814537610788963,0.446722193704269,0.5039228432112721,0.5486667117194195,0.5273282626199818,0.329451509572684,0.8001377110621277,0.5476135132608153,0.5602262689739871,0.7090108586325532,0.3023187492351007,0.23653748501171445
Kupffer_cell_(Liver_resident_macrophage)-week2,0.8756548675315821,0.8304219692732332,1.3346887530138913,0.8049551102186516,0.9522452373746549,0.5981450451706373,0.745605698229992,0.8160088997568941,0.5334945076066631,0.9152583144086782,0.8350292589287867,0.5966387521762724,0.47722895872568427,0.43356058109375084,0.4023993128723167,0.8182560361259068,0.4993177611272557,0.0,0.864591173053868,1.0190716310917605,1.1338108312887707,0.3707278671480828,0.38230398989587133,0.41823762195013814,0.5856444752113378,0.3135512679742197,0.26082983503279245,0.7628559720419128,0.9111149350628688,0.891471238242897,0.549202999938105,0.4886764110477875,1.028684501339727,0.4475710758404686,0.7147518625458891,0.9521393914537101,0.6011875800558069,0.46224068469426205,0.7377391966113145,0.5515166383103063,0.7458386573714225,0.5612724150957334,0.9997602570487042,0.8532286661702162,0.512920848351659,0.6346816287506328,0.6273868207315836,0.5344789819387017,0.7945063222997413,0.3040699088444664,0.6596817909859618,1.2665657897501945,1.083623328575472,0.716920484998261,0.6290034362592607,0.5749139616308352,0.8370762899387317,0.6380315862348298,0.4592586790811848,1.1053831827581786,0.7900022476251902,0.7202979038329405,1.212187762683147,0.6488936628891575,0.7602474661751351,0.8175619960711044,0.46516876581204347,0.505138741803087,0.526257435015473,0.48576906951656085,0.6542691751123619,0.6585792407753028,0.5429818404695532,0.7519535154159785,0.9636218629826829,1.184875990727035,0.24666610301016778,0.7927496730494049,0.35640105339127803,0.42189562893055355
Monocytes-derived_Macrophage-week2,0.5513620953635118,0.5774852331950695,0.5992612937579362,0.590239327253632,0.9942149464742758,0.629773486638057,0.41182170583094246,0.8312644888582865,0.7706858352084351,0.6488322428750078,0.642150109522428,0.9970497516601052,0.47812566593368155,0.37532518625786826,0.8590325854583005,0.7292271957444463,0.46018893386508264,0.864591173053868,0.0,0.5670635549146434,1.366103958467828,0.6843495946470468,0.7529157643162462,0.4084011801119073,0.33467697166919474,0.48180786913852325,0.8511122996392394,0.7258882117389789,0.6186028405318285,0.7314920698224675,0.4531888445690867,0.44081545375637055,0.6411664542452962,0.4875915188415997,0.8038653251972643,0.6906106126080627,0.5612326027892375,0.7249973303167144,0.6408337647222923,0.7661341226397609,0.9967654922514175,0.760519393715311,0.9046924223626074,0.5701995199964596,0.520096585844725,0.4497726206620878,0.339174732324211,0.9988049693025254,0.9646301634662263,0.7256144224287948,0.7370516269238768,0.58853298679411,0.9038642480418523,0.6585706391028381,0.7785669574027535,0.4386454882033516,0.4978020641154304,1.085263764455548,0.3880264659673549,0.6559974486419644,1.166738086752479,0.8451926935171685,0.7521450840208237,0.5351665305094608,0.6580109945409407,0.40153127925833365,0.5280265440468457,1.0311990973533214,0.7855881612921327,0.5355054206448411,0.6586997718734577,0.5299253419075509,0.8483313500077697,0.5653987964202908,0.7142367821008959,0.7584163764892229,0.8100624079952317,0.5561005752523049,0.6456153456177522,0.5875661549450438
Tregs-week2,1.1217203725826073,1.0202641980111147,0.9259754250410198,0.7235335144369852,0.4659903193034528,0.6480703656870541,0.7794730229163053,1.3061773388327282,0.8719050062749896,0.6467067002650799,0.8495274723418176,0.6658526213368069,0.6638522939315024,0.694727571954767,0.6897356611406966,0.4221611760352051,0.8219145355374229,1.0190716310917605,0.5670635549146434,0.0,0.8790547980597228,0.9453112111102598,0.7802174507247948,0.8106409479268457,0.48641803550735296,0.7276780396969753,1.1708215427242863,1.0213768092638023,1.1484828771453761,0.7788589413654453,0.6298364057285808,0.418700504009467,0.5479386266424805,0.6264067702271618,0.9643016120143322,0.8709557530924484,0.8811752981610155,0.9103880538385886,0.9998281741603053,1.0214632304987157,0.8850916789728402,0.7433270685107771,0.7212384004717575,0.38141905000632637,0.7954307196779424,0.7422029315445196,0.4924818496999319,0.9784831649838175,1.3619540420250908,0.6440859088607254,0.9345400634864485,0.9737064012273243,0.7801912934631837,0.7564060107685051,0.5459054565758367,0.8765151260355433,1.0446781967443444,0.9178422418719929,0.7129198258712137,0.5503966652463793,0.725004985219003,0.6407875824200087,1.0189865305690695,0.574467158296494,1.15283776948978,0.6698324121468009,0.6675002464244748,1.0338819974275157,0.901621412506479,0.8976594770105236,0.840971088836983,0.7178230858214125,0.8541365726922376,0.7516751548530228,0.6481394927068136,0.5813628113299418,0.823300621320058,0.6003126989359808,1.0308334324208368,0.8951262616533731
cDC1-week2,1.3542967765478502,0.8390971008502944,1.2365139990325402,1.0026662215404438,0.7004666592645301,0.8009362089475042,0.883531155071167,1.3548628833885163,1.103790877522183,1.0433772326927808,1.02847292099892,0.6294956061912134,1.2164860391963044,1.584350833399989,0.948862935234778,1.0176348786750073,1.0455080662511862,1.1338108312887707,1.366103958467828,0.8790547980597228,0.0,1.069934403599178,0.7903652209956943,1.0255455582747905,0.8963472138940357,1.152449690563922,0.9648425524207009,1.0949500787867112,1.2877328523145626,1.0584404881480447,0.8472755503704892,0.8462689947030677,0.9435455660521384,1.2369140253170336,1.2030531139076241,0.8537191000329614,1.1143916339235178,0.9270892089059504,0.7335784052216561,1.2670575472660595,0.8876152327681252,0.9404101818064037,0.6659457135884121,1.078581059949478,1.3265204142945914,1.0475791938457992,1.0391981785974205,0.5774743718717253,1.3969112496147211,1.0024526731293273,0.6983207142822985,1.005730660272996,0.9939621598158722,0.9005709461139803,0.7524278146783476,1.3664526185312635,1.195013137937079,0.43912335339513764,1.132543114922746,0.626569112924927,0.6576595003757022,0.7473344710876078,0.8037867275939866,0.872940897222124,0.9502243817411067,0.9024936413168692,1.014640541725646,0.7760751811452703,1.0095601514080814,1.2201997759266718,0.7289338768136422,1.115078177348908,1.226828665292171,1.0622923597255105,1.0609067157505367,0.9272160185332063,0.9950387060302018,1.1980470013426108,0.9955746344018571,0.9924617460237565
B_cell-week2,0.8695687814986525,0.5867027606654229,0.9569061459435559,0.8333779019507138,0.6463374040063186,0.4342981712948205,0.44804187178454014,0.6081946197793435,0.8323750024205132,0.9375071134254195,0.6710910343342893,0.36883199372653686,0.3584613952118113,0.4921382183143276,0.32924762659730356,0.7376503565136134,0.20388199160887788,0.3707278671480828,0.6843495946470468,0.9453112111102598,1.069934403599178,0.0,0.2542785857632902,0.18072494109166592,0.42958079246171343,0.3811547650849738,0.3810533306956494,0.7579915218087548,0.6403270113815916,0.5964734529446095,0.3427984053213432,0.37023002029554186,0.6714941942381125,0.27707564755026326,0.49376376315969306,0.6662403714553233,0.334061623508602,0.3009767183862232,0.48083707399046116,0.4941974677610934,0.5792342453369416,0.43322918275819444,0.848479698784564,0.9482892689770119,0.5102714808620088,0.6463692459793042,0.4626997054208918,0.5208435352144412,0.48671534849813414,0.5637229146835395,0.29614050452173335,0.680757681093313,0.815849389132342,0.685843065901661,0.5402097127040646,0.49735188561263377,0.4617630294772085,0.47564733661481196,0.3197540028505914,0.9129070248249507,1.2645114477683608,0.4517318479601278,0.9971980394658769,0.38400574568701384,0.49858227600275384,0.6937008168507843,0.4293794098497319,0.5127912024960728,0.3327891271646102,0.3650254855635042,0.4922387574677122,0.44112064140425633,0.5994932671093622,0.5380060501186205,0.6838772269336729,0.7288522277745326,0.5208496726734788,0.723822954404578,0.2598185464751529,0.2725005287275837
CD4+_T_cell-week2,0.8347752284753209,0.5406917215098135,1.1438701197708283,0.6180124462441308,0.5817688598974557,0.33681770611551576,0.4317267598373219,0.8767795527444461,0.8723485967050053,0.8214181980384677,0.7901525047871603,0.48545372249222685,0.4579308650290105,0.7038301854723514,0.22131955898724232,0.7019157671563425,0.2541449419718298,0.38230398989587133,0.7529157643162462,0.7802174507247948,0.7903652209956943,0.2542785857632902,0.0,0.20440293471955762,0.3357670778089914,0.3765450364470877,0.5331092296394251,0.6971250844739836,0.6513175056691425,0.6525575582625023,0.34207444801752895,0.19816132007036802,0.6452942505935868,0.37041205151990253,0.8070418955606333,0.5253083680903332,0.4050781266628882,0.5153598391712301,0.47701252101202074,0.8122069265799203,0.46085200970680407,0.33013719879350634,0.6435021307091982,0.92718071300022,0.5695996369914572,0.6817524765199148,0.3926812219938197,0.47757686531609267,0.8359440458332286,0.5334215867207215,0.25911512570809725,0.7901358282507198,0.8527944030444365,0.8011993141524901,0.4534626324350207,0.6694956787999857,0.6728610166638779,0.4113281544381948,0.5775692203530838,0.6364845094779726,0.8418142317571975,0.5382313941321067,0.6816069972607683,0.45417298217485025,0.6054958442239475,0.468694258831887,0.5750948422985168,0.24802578819756704,0.43722182052954983,0.31346796081642614,0.45829778144707656,0.537376536674951,0.6324788961344101,0.5499352931747508,0.46209312619979426,0.5964886647054648,0.2718531714158523,0.5673012797405097,0.2973764142102403,0.18795888136594285
CD8+_T_cell-week2,0.6940580122895419,0.4315064807901975,0.9641735690525288,0.5260452509073503,0.6440477588645988,0.36540085640002484,0.33691030806666034,0.7708665840619122,0.7465563650152485,0.7922276409301419,0.8084646629700492,0.5816406455195355,0.2653174408039781,0.48993962992017026,0.36209450772740226,0.7235538702053561,0.1563416453752947,0.41823762195013814,0.4084011801119073,0.8106409479268457,1.0255455582747905,0.18072494109166592,0.20440293471955762,0.0,0.23026227465315507,0.272213509567822,0.48087348087937554,0.536938023316607,0.6529355848944183,0.6309045482090827,0.24444534511814153,0.2798590691159315,0.5630956382281709,0.20916358185509087,0.738498570350552,0.5623700938360208,0.20831862545138813,0.30148159718866374,0.3335569372356878,0.6546178847185585,0.6997301186814724,0.432193640098696,0.8013659025717824,0.7242469447458961,0.524460370058329,0.40134134132977217,0.4049836026447552,0.4000132488178223,0.6644630429296049,0.6292301704731968,0.20713696321566089,0.5962634129153442,0.946586250387804,0.5428669153513161,0.5180093820303504,0.47491687807113103,0.3016813280314874,0.6509947499381659,0.3588378977431046,0.5424054378866991,1.0693363073451922,0.5504766754835563,0.7089007071737663,0.3063240399550283,0.5247677846097596,0.4950959153980097,0.4700300013906993,0.6602748454548748,0.47237087286638924,0.3307486220632504,0.35710327116215346,0.3020719825132838,0.6654348185753277,0.4620857547561328,0.520398909755081,0.7449516079211123,0.3494821067035594,0.46395974840441545,0.34063315873039546,0.12429542468826571
Cholangiocyte-week2,0.7263011515892949,0.46865355088309524,0.849242566774832,0.58951927773356,0.482068212349418,0.36382306777665885,0.44919981947745136,0.9264135271635098,0.6300257695878553,0.7323686564886295,0.7525860929401111,0.7617341736880265,0.4364417517166308,0.46477331794040166,0.5645481572304708,0.6719844367420915,0.41050646996111384,0.5856444752113378,0.33467697166919474,0.48641803550735296,0.8963472138940357,0.42958079246171343,0.3357670778089914,0.23026227465315507,0.0,0.30381560582327616,0.7281065960057485,0.855765011975471,0.5744140577485493,0.5924625336247968,0.3336668721587639,0.14134952179720228,0.4748907672074004,0.3501978003761712,0.8005951728089074,0.4916668265933677,0.41451159518128455,0.5044699115886355,0.39797382704129947,0.80096611375839,0.8935916129520094,0.44882386728266155,0.6852589893910762,0.5885774032468906,0.7617765631402691,0.5766744512346507,0.2983100709958929,0.6510794002236098,0.8957554679072796,0.506897177554105,0.3883657899899494,0.7571511590432175,0.8731133104675767,0.6392859628022751,0.4090178188147291,0.5060310091360398,0.6046006477416755,0.7640017264335976,0.4778056242665806,0.5813697100860526,0.8901178653503842,0.5353196625848771,0.8976664795508816,0.49941880239705017,0.7418861385983626,0.3749643544515111,0.44416937890868835,0.7447884475686299,0.6749452712285222,0.41742662201654546,0.5350048551408655,0.5434117534578933,0.878388058502213,0.5036040692787345,0.5303488246085989,0.8195431778848237,0.4500419829508181,0.5369067207144933,0.489728880544986,0.36624723726448827
